20020101 0 0
20020201 0 0
20020301 0 0
20020401 0 0
20020501 0 0
20020601 0 0
20020701 5 21
20020801 5 48
20020901 5 76
20021001 5 25
20021101 4 62
20021201 5 48
20030101 3 21
20030201 4 19
20030301 4 21
20030401 5 28
20030501 4 42
20030601 5 42
20030701 6 136
20030801 6 122
20030901 5 17
20031001 4 23
20031101 5 18
20031201 4 22
20040101 4 24
20040201 5 51
20040301 3 15
20040401 1 1
20040501 2 2
20040601 3 20
20040701 5 31
20040801 4 20
20040901 4 31
20041001 3 47
20041101 2 3
20041201 4 16
20050101 2 7
20050201 3 22
20050301 2 9
20050401 5 24
20050501 2 33
20050601 3 23
20050701 3 35
20050801 4 89
20050901 2 8
20051001 2 14
20051101 4 7
20051201 3 3
20060101 3 12
20060201 2 2
20060301 4 13
20060401 3 14
20060501 4 21
20060601 1 9
20060701 3 31
20060801 3 45
20060901 2 44
20061001 1 14
20061101 2 11
20061201 3 30
20070101 5 31
20070201 1 28
20070301 1 1
20070401 2 3
20070501 1 10
20070601 0 0
20070701 3 112
20070801 5 12
20070901 1 2
20071001 3 24
20071101 5 47
20071201 2 11
20080101 5 27
20080201 5 20
20080301 4 75
20080401 1 4
20080501 3 22
20080601 1 3
20080701 2 3
20080801 2 2
20080901 4 5
20081001 1 1
20081101 2 5
20081201 1 1
20090101 3 3
20090201 0 0
20090301 4 108
20090401 1 2
20090501 2 26
20090601 1 20
20090701 1 30
20090801 3 7
20090901 4 16
20091001 4 77
20091101 6 56
20091201 4 44
20100101 5 86
20100201 6 130
20100301 6 57
20100401 3 24
20100501 2 5
20100601 1 5
20100701 6 61
20100801 6 42
20100901 4 20
20101001 4 12
20101101 5 16
20101201 2 8
20110101 4 110
20110201 5 27
20110301 7 111
20110401 7 128
20110501 5 19
20110601 4 18
20110701 5 101
20110801 5 97
20110901 3 30
20111001 2 21
20111101 4 58
20111201 2 7
20120101 2 3
20120201 3 3
20120301 4 17
20120401 1 16
20120501 1 7
20120601 2 6
20120701 2 2
20120801 3 6
20120901 5 91
20121001 4 22
20121101 4 26
20121201 3 6
20130101 2 9
20130201 2 9
20130301 5 29
20130401 3 17
20130501 5 14
20130601 3 10
20130701 3 3
20130801 2 7
20130901 3 15
20131001 6 74
20131101 5 8
20131201 4 40
20140101 8 102
20140201 6 48
20140301 5 57
20140401 6 34
20140501 5 38
20140601 2 28
20140701 3 12
20140801 2 7
20140901 2 8
20141001 4 11
20141101 3 3
20141201 4 19
20150101 2 22
20150201 2 4
20150301 4 57
20150401 8 80
20150501 14 105
20150601 5 15
20150701 4 15
