37890 65
37893 104
37895 122
37897 139
37907 146
37918 158
37919 179
37920 199
37928 201
37932 204
37933 205
37937 207
37938 208
37955 214
37964 215
37975 221
37996 230
37999 235
38001 236
38015 238
38026 242
38039 250
38040 253
38042 255
38044 269
38052 316
38053 457
38054 593
38055 731
38060 761
38062 780
38063 788
38071 807
38080 821
38083 829
38085 833
38095 858
38096 896
38113 909
38114 942
38115 972
38116 1019
38117 1069
38118 1070
38121 1084
38125 1089
38132 1090
38133 1099
38134 1101
38135 1108
38136 1121
38137 1156
38142 1168
38148 1169
38153 1170
38158 1171
38164 1172
38167 1175
38172 1192
38173 1195
38174 1197
38176 1211
38178 1215
38182 1216
38183 1217
38190 1228
38191 1238
38192 1249
38193 1253
38194 1254
38196 1257
38197 1258
38199 1263
38201 1265
38204 1268
38205 1279
38206 1296
38207 1311
38208 1313
38211 1318
38213 1335
38215 1341
38222 1350
38223 1359
38224 1360
38225 1372
38232 1401
38233 1409
38235 1420
38243 1427
38244 1431
38245 1432
38256 1434
38259 1441
38260 1442
38261 1448
38263 1468
38264 1484
38266 1486
38267 1489
38285 1492
38287 1493
38307 1502
38312 1505
38313 1508
38316 1511
38330 1512
38333 1513
38337 1541
38338 1548
38339 1551
38340 1560
38341 1561
38342 1567
38343 1569
38344 1571
38355 1574
38361 1582
38362 1590
38367 1626
38368 1637
38369 1640
38371 1644
38372 1654
38374 1693
38375 1699
38379 1703
38381 1785
38382 1788
38383 1799
38385 1804
38389 1819
38391 1828
38394 1830
38396 1835
38397 1844
38399 1882
38409 1910
38411 1920
38412 1922
38414 1925
38417 1929
38418 1947
38423 1948
38429 1961
38431 1969
38435 1975
38448 1991
38451 2017
38452 2044
38454 2052
38458 2076
38461 2080
38463 2081
38465 2082
38467 2102
38470 2106
38471 2112
38472 2133
38478 2134
38492 2136
38495 2137
38498 2138
38523 2146
38557 2147
38570 2177
38575 2181
38580 2182
38608 2186
38609 2190
38610 2200
38614 2202
38619 2211
38622 2214
38628 2223
38629 2228
38638 2230
38644 2231
38646 2233
38648 2235
38666 2239
38668 2240
38671 2241
38678 2245
38686 2248
38691 2249
38722 2251
38726 2252
38729 2257
38730 2258
38732 2263
38733 2265
38750 2271
38751 2272
38752 2274
38754 2275
38755 2284
38756 2290
38758 2294
38759 2304
38761 2470
38763 2515
38764 2524
38768 2541
38776 2543
38777 2544
38778 2568
38779 2573
38782 2576
38783 2584
38790 2592
38791 2608
38792 2615
38793 2647
38795 2648
38796 2667
38797 2675
38798 2680
38800 2687
38801 2697
38802 2708
38803 2728
38804 2733
38805 2757
38806 2765
38807 2766
38808 2783
38810 2789
38811 2793
38812 2797
38813 2804
38815 2812
38816 2813
38817 2829
38818 2835
38819 2837
38820 2861
38821 2875
38824 2880
38825 2887
38827 2892
38828 2893
38829 2897
38830 2901
38835 2903
38839 2905
38840 2923
38861 2950
38865 2964
38866 2972
38867 2973
38872 3017
38876 3018
38880 3026
38881 3030
38883 3042
38885 3047
38886 3049
38890 3077
38896 3087
38903 3090
38904 3098
38905 3102
38913 3125
38920 3133
38922 3134
38925 3136
38926 3188
38927 3196
38928 3198
38929 3199
38930 3201
38931 3203
38932 3205
38933 3208
38936 3210
38937 3216
38946 3220
38947 3227
38948 3235
38953 3243
38958 3245
38960 3246
38978 3255
38986 3256
38987 3263
38988 3266
38994 3278
38996 3282
38997 3283
38998 3288
38999 3290
39001 3296
39002 3297
39003 3325
39004 3329
39005 3332
39006 3341
39007 3369
39008 3436
39009 3451
39010 3456
39012 3462
39013 3472
39014 3581
39015 3612
39016 3625
39018 3631
39026 3632
39028 3638
39030 3652
39031 3679
39032 3687
39034 3688
39038 3692
39045 3693
39052 3699
39056 3700
39058 3703
39059 3709
39063 3710
39066 3711
39069 3712
39075 3723
39078 3724
39081 3734
39083 3741
39087 3744
39090 3746
39096 3749
39100 3750
39104 3756
39106 3759
39107 3760
39109 3761
39114 3765
39119 3767
39122 3771
39123 3772
39146 3784
39148 3785
39151 3789
39158 3790
39160 3793
39161 3801
39163 3803
39171 3806
39177 3808
39182 3821
39195 3822
39196 3825
39202 3844
39203 3847
39204 3852
39206 3865
39208 3868
39209 3880
39210 3884
39212 3887
39213 3891
39219 3908
39220 3916
39221 3929
39222 3944
39223 3970
39224 3972
39225 3973
39226 3983
39235 3985
39239 3988
39251 3995
39258 4027
39260 4043
39261 4044
39270 4052
39274 4053
39279 4069
39280 4101
39287 4102
39289 4108
39290 4109
39292 4113
39295 4114
39300 4117
39303 4118
39309 4120
39329 4121
39335 4123
39337 4127
39338 4148
39339 4167
39340 4178
39344 4191
39345 4195
39348 4209
39349 4219
39350 4229
39351 4250
39359 4251
39362 4261
39366 4264
39373 4269
39377 4288
39380 4291
39389 4308
39390 4309
39392 4321
39393 4323
39396 4350
39398 4354
39401 4369
39403 4376
39405 4379
39406 4388
39408 4398
39409 4409
39411 4413
39412 4419
39417 4469
39422 4493
39423 4496
39424 4503
39427 5048
39430 5053
39431 5055
39434 5057
39435 5063
39438 5064
39449 5071
39451 5104
39455 5110
39462 5112
39470 5116
39471 5124
39472 5128
39489 5139
39490 5162
39491 5171
39492 5173
39493 5174
39494 5175
39499 5184
39500 5185
39501 5188
39504 5245
39505 5251
39506 5253
39507 5254
39524 5258
39533 5259
39546 5266
39548 5267
39555 5272
39557 5273
39559 5277
39560 5279
39603 5282
39604 5284
39605 5285
39606 5286
39610 5287
39623 5290
39624 5291
39657 5293
39683 5295
39693 5298
39706 5302
39707 5307
39708 5308
39710 5321
39713 5331
39719 5334
39720 5339
39721 5341
39722 5351
39723 5356
39727 5358
39729 5373
39730 5382
39731 5402
39742 5416
39743 5423
39744 5433
39748 5448
39751 5452
39757 5454
39759 5469
39762 5476
39763 5487
39764 5490
39765 5495
39767 5514
39770 5522
39777 5540
39779 5543
39780 5554
39783 5581
39784 5582
39787 5593
39788 5601
39821 5610
39822 5611
39827 5612
39855 5613
39860 5615
39861 5616
39881 5618
39898 5625
39899 5626
39900 5632
39902 5644
39912 5653
39919 5656
39920 5661
39921 5663
39925 5774
39926 5823
39930 5831
39931 5884
39932 5896
39933 5909
39936 5954
39937 5966
39938 5971
39939 5972
39940 5976
39942 5977
39988 5978
39996 5982
40017 5985
40018 5987
40019 5988
40026 6006
40029 6012
40030 6014
40038 6019
40039 6022
40045 6077
40053 6081
40054 6091
40056 6095
40057 6097
40058 6106
40066 6107
40098 6108
40109 6110
40115 6111
40134 6112
40207 6118
40210 6120
40224 6121
40285 6122
40376 6123
40390 6138
40391 6143
40392 6150
40393 6152
40399 6159
40400 6160
40428 6162
40430 6164
40431 6165
40452 6167
40456 6168
40457 6173
40458 6179
40459 6180
40460 6181
40462 6188
40463 6195
40465 6200
40470 6201
40487 6202
40500 6206
40501 6220
40505 6221
40507 6224
40512 6227
40532 6234
40547 6240
40589 6246
40592 6251
40618 6254
40630 6257
40633 6260
40654 6285
40656 6290
40660 6293
40696 6294
40729 6305
40730 6310
40738 6311
40740 6324
40743 6327
40744 6331
40747 6336
40748 6338
40749 6355
40750 6409
40752 6414
40754 6459
40755 6460
40756 6465
40758 6494
40759 6505
40760 6642
40761 6647
40765 6650
40766 6665
40805 6673
40808 6679
40810 6680
40814 6685
40815 6706
40816 6717
40817 6727
40819 6729
40820 6732
40821 6737
40824 6740
40825 6747
40826 6749
40827 6759
40828 6761
40829 6762
40830 6767
40831 6786
40833 6788
40834 6791
40835 6796
40842 6797
40846 6798
40848 6799
40849 6806
40850 6829
40859 6832
40868 6833
40875 6836
40896 6837
40906 6839
40915 6843
40926 6846
40954 6849
40962 6851
40976 6852
40987 6857
40988 6866
40989 6873
40990 6875
40998 6881
40999 6882
41015 6885
41068 6898
41107 6908
41165 6910
41186 6911
41187 6913
41195 6916
41200 6919
41201 6922
41207 6923
41208 6924
41214 6925
41227 6926
41242 6928
41243 6929
41267 6933
41288 6935
41289 6938
41292 6942
41293 6954
41327 6956
41332 6959
41333 6963
41334 6969
41335 6973
41345 6978
41346 6988
41347 6996
41349 7002
41352 7018
41353 7024
41354 7029
41355 7031
41376 7032
41386 7033
41393 7035
41407 7037
41418 7039
41423 7040
41426 7046
41429 7049
41430 7050
41439 7051
41445 7053
41446 7057
41449 7068
41450 7069
41454 7094
41456 7097
41457 7100
41458 7102
41459 7115
41461 7116
41463 7129
41467 7139
41473 7140
41475 7147
41513 7150
41520 7163
41524 7166
41526 7167
41534 7173
41535 7179
41536 7180
41538 7181
41542 7197
41543 7209
41544 7249
41545 7274
41555 7301
41556 7345
41604 7372
41605 7388
41610 7414
41611 7450
41617 7485
41620 7520
41625 7522
41629 7582
41630 7639
41631 7699
41635 7757
41647 7824
41648 7898
41650 7901
41653 7980
41657 8061
41658 8065
41660 8152
41661 8174
41662 8175
41663 8258
41664 8341
41666 8423
41667 8504
41668 8621
41669 8741
41670 8858
41674 8967
41676 9076
41677 9190
41678 9298
41680 9303
41681 9306
41696 9419
41701 9534
41704 9535
41710 9896
41734 9904
41737 10272
41771 10640
41790 11009
41806 11378
41822 11380
41823 11748
41861 12116
41865 12485
41907 12486
41914 12854
41942 13223
41953 13592
41954 13961
41985 14331
42014 14334
42023 14345
42032 14718
42033 15091
42037 15464
42038 15837
42039 16211
42045 16584
42046 16958
42047 17333
42049 17707
42050 18081
42051 18455
42052 18829
42053 19207
42055 19581
42059 19955
42060 19956
42121 20336
42122 20718
42131 21108
42132 21487
42134 21863
42137 21866
42138 21869
42139 22248
42140 22625
42144 23001
42172 23377
42178 23384
42179 23761
42180 24140
42181 24518
42182 24898
42186 24900
42187 24901
42188 25280
42190 25659
42198 26042
42208 26043
42217 26044
42220 26425
42221 26807
