37890,65,
37891,65,
37892,65,
37893,104,
37894,104,
37895,122,
37896,122,
37897,139,
37898,139,
37899,139,
37900,139,
37901,139,
37902,139,
37903,139,
37904,139,
37905,139,
37906,139,
37907,146,
37908,146,
37909,146,
37910,146,
37911,146,
37912,146,
37913,146,
37914,146,
37915,146,
37916,146,
37917,146,
37918,158,
37919,179,
37920,199,
37921,199,
37922,199,
37923,199,
37924,199,
37925,199,
37926,199,
37927,199,
37928,201,
37929,201,
37930,201,
37931,201,
37932,204,
37933,205,
37934,205,
37935,205,
37936,205,
37937,207,
37938,208,
37939,208,
37940,208,
37941,208,
37942,208,
37943,208,
37944,208,
37945,208,
37946,208,
37947,208,
37948,208,
37949,208,
37950,208,
37951,208,
37952,208,
37953,208,
37954,208,
37955,214,
37956,214,
37957,214,
37958,214,
37959,214,
37960,214,
37961,214,
37962,214,
37963,214,
37964,215,
37965,215,
37966,215,
37967,215,
37968,215,
37969,215,
37970,215,
37971,215,
37972,215,
37973,215,
37974,215,
37975,221,
37976,221,
37977,221,
37978,221,
37979,221,
37980,221,
37981,221,
37982,221,
37983,221,
37984,221,
37985,221,
37986,221,
37987,221,
37988,221,
37989,221,
37990,221,
37991,221,
37992,221,
37993,221,
37994,221,
37995,221,
37996,230,
37997,230,
37998,230,
37999,235,
38000,235,
38001,236,
38002,236,
38003,236,
38004,236,
38005,236,
38006,236,
38007,236,
38008,236,
38009,236,
38010,236,
38011,236,
38012,236,
38013,236,
38014,236,
38015,238,
38016,238,
38017,238,
38018,238,
38019,238,
38020,238,
38021,238,
38022,238,
38023,238,
38024,238,
38025,238,
38026,242,
38027,242,
38028,242,
38029,242,
38030,242,
38031,242,
38032,242,
38033,242,
38034,242,
38035,242,
38036,242,
38037,242,
38038,242,
38039,250,
38040,253,
38041,253,
38042,255,
38043,255,
38044,269,
38045,269,
38046,269,
38047,269,
38048,269,
38049,269,
38050,269,
38051,269,
38052,316,
38053,457,
38054,593,
38055,731,
38056,731,
38057,731,
38058,731,
38059,731,
38060,761,
38061,761,
38062,780,
38063,788,
38064,788,
38065,788,
38066,788,
38067,788,
38068,788,
38069,788,
38070,788,
38071,807,
38072,807,
38073,807,
38074,807,
38075,807,
38076,807,
38077,807,
38078,807,
38079,807,
38080,821,
38081,821,
38082,821,
38083,829,
38084,829,
38085,833,
38086,833,
38087,833,
38088,833,
38089,833,
38090,833,
38091,833,
38092,833,
38093,833,
38094,833,
38095,858,
38096,896,
38097,896,
38098,896,
38099,896,
38100,896,
38101,896,
38102,896,
38103,896,
38104,896,
38105,896,
38106,896,
38107,896,
38108,896,
38109,896,
38110,896,
38111,896,
38112,896,
38113,909,
38114,942,
38115,972,
38116,1019,
38117,1069,
38118,1070,
38119,1070,
38120,1070,
38121,1084,
38122,1084,
38123,1084,
38124,1084,
38125,1089,
38126,1089,
38127,1089,
38128,1089,
38129,1089,
38130,1089,
38131,1089,
38132,1090,
38133,1099,
38134,1101,
38135,1108,
38136,1121,
38137,1156,
38138,1156,
38139,1156,
38140,1156,
38141,1156,
38142,1168,
38143,1168,
38144,1168,
38145,1168,
38146,1168,
38147,1168,
38148,1169,
38149,1169,
38150,1169,
38151,1169,
38152,1169,
38153,1170,
38154,1170,
38155,1170,
38156,1170,
38157,1170,
38158,1171,
38159,1171,
38160,1171,
38161,1171,
38162,1171,
38163,1171,
38164,1172,
38165,1172,
38166,1172,
38167,1175,
38168,1175,
38169,1175,
38170,1175,
38171,1175,
38172,1192,
38173,1195,
38174,1197,
38175,1197,
38176,1211,
38177,1211,
38178,1215,
38179,1215,
38180,1215,
38181,1215,
38182,1216,
38183,1217,
38184,1217,
38185,1217,
38186,1217,
38187,1217,
38188,1217,
38189,1217,
38190,1228,
38191,1238,
38192,1249,
38193,1253,
38194,1254,
38195,1254,
38196,1257,
38197,1258,
38198,1258,
38199,1263,
38200,1263,
38201,1265,
38202,1265,
38203,1265,
38204,1268,
38205,1279,
38206,1296,
38207,1311,
38208,1313,
38209,1313,
38210,1313,
38211,1318,
38212,1318,
38213,1335,
38214,1335,
38215,1341,
38216,1341,
38217,1341,
38218,1341,
38219,1341,
38220,1341,
38221,1341,
38222,1350,
38223,1359,
38224,1360,
38225,1372,
38226,1372,
38227,1372,
38228,1372,
38229,1372,
38230,1372,
38231,1372,
38232,1401,
38233,1409,
38234,1409,
38235,1420,
38236,1420,
38237,1420,
38238,1420,
38239,1420,
38240,1420,
38241,1420,
38242,1420,
38243,1427,
38244,1431,
38245,1432,
38246,1432,
38247,1432,
38248,1432,
38249,1432,
38250,1432,
38251,1432,
38252,1432,
38253,1432,
38254,1432,
38255,1432,
38256,1434,
38257,1434,
38258,1434,
38259,1441,
38260,1442,
38261,1448,
38262,1448,
38263,1468,
38264,1484,
38265,1484,
38266,1486,
38267,1489,
38268,1489,
38269,1489,
38270,1489,
38271,1489,
38272,1489,
38273,1489,
38274,1489,
38275,1489,
38276,1489,
38277,1489,
38278,1489,
38279,1489,
38280,1489,
38281,1489,
38282,1489,
38283,1489,
38284,1489,
38285,1492,
38286,1492,
38287,1493,
38288,1493,
38289,1493,
38290,1493,
38291,1493,
38292,1493,
38293,1493,
38294,1493,
38295,1493,
38296,1493,
38297,1493,
38298,1493,
38299,1493,
38300,1493,
38301,1493,
38302,1493,
38303,1493,
38304,1493,
38305,1493,
38306,1493,
38307,1502,
38308,1502,
38309,1502,
38310,1502,
38311,1502,
38312,1505,
38313,1508,
38314,1508,
38315,1508,
38316,1511,
38317,1511,
38318,1511,
38319,1511,
38320,1511,
38321,1511,
38322,1511,
38323,1511,
38324,1511,
38325,1511,
38326,1511,
38327,1511,
38328,1511,
38329,1511,
38330,1512,
38331,1512,
38332,1512,
38333,1513,
38334,1513,
38335,1513,
38336,1513,
38337,1541,
38338,1548,
38339,1551,
38340,1560,
38341,1561,
38342,1567,
38343,1569,
38344,1571,
38345,1571,
38346,1571,
38347,1571,
38348,1571,
38349,1571,
38350,1571,
38351,1571,
38352,1571,
38353,1571,
38354,1571,
38355,1574,
38356,1574,
38357,1574,
38358,1574,
38359,1574,
38360,1574,
38361,1582,
38362,1590,
38363,1590,
38364,1590,
38365,1590,
38366,1590,
38367,1626,
38368,1637,
38369,1640,
38370,1640,
38371,1644,
38372,1654,
38373,1654,
38374,1693,
38375,1699,
38376,1699,
38377,1699,
38378,1699,
38379,1703,
38380,1703,
38381,1785,
38382,1788,
38383,1799,
38384,1799,
38385,1804,
38386,1804,
38387,1804,
38388,1804,
38389,1819,
38390,1819,
38391,1828,
38392,1828,
38393,1828,
38394,1830,
38395,1830,
38396,1835,
38397,1844,
38398,1844,
38399,1882,
38400,1882,
38401,1882,
38402,1882,
38403,1882,
38404,1882,
38405,1882,
38406,1882,
38407,1882,
38408,1882,
38409,1910,
38410,1910,
38411,1920,
38412,1922,
38413,1922,
38414,1925,
38415,1925,
38416,1925,
38417,1929,
38418,1947,
38419,1947,
38420,1947,
38421,1947,
38422,1947,
38423,1948,
38424,1948,
38425,1948,
38426,1948,
38427,1948,
38428,1948,
38429,1961,
38430,1961,
38431,1969,
38432,1969,
38433,1969,
38434,1969,
38435,1975,
38436,1975,
38437,1975,
38438,1975,
38439,1975,
38440,1975,
38441,1975,
38442,1975,
38443,1975,
38444,1975,
38445,1975,
38446,1975,
38447,1975,
38448,1991,
38449,1991,
38450,1991,
38451,2017,
38452,2044,
38453,2044,
38454,2052,
38455,2052,
38456,2052,
38457,2052,
38458,2076,
38459,2076,
38460,2076,
38461,2080,
38462,2080,
38463,2081,
38464,2081,
38465,2082,
38466,2082,
38467,2102,
38468,2102,
38469,2102,
38470,2106,
38471,2112,
38472,2133,
38473,2133,
38474,2133,
38475,2133,
38476,2133,
38477,2133,
38478,2134,
38479,2134,
38480,2134,
38481,2134,
38482,2134,
38483,2134,
38484,2134,
38485,2134,
38486,2134,
38487,2134,
38488,2134,
38489,2134,
38490,2134,
38491,2134,
38492,2136,
38493,2136,
38494,2136,
38495,2137,
38496,2137,
38497,2137,
38498,2138,
38499,2138,
38500,2138,
38501,2138,
38502,2138,
38503,2138,
38504,2138,
38505,2138,
38506,2138,
38507,2138,
38508,2138,
38509,2138,
38510,2138,
38511,2138,
38512,2138,
38513,2138,
38514,2138,
38515,2138,
38516,2138,
38517,2138,
38518,2138,
38519,2138,
38520,2138,
38521,2138,
38522,2138,
38523,2146,
38524,2146,
38525,2146,
38526,2146,
38527,2146,
38528,2146,
38529,2146,
38530,2146,
38531,2146,
38532,2146,
38533,2146,
38534,2146,
38535,2146,
38536,2146,
38537,2146,
38538,2146,
38539,2146,
38540,2146,
38541,2146,
38542,2146,
38543,2146,
38544,2146,
38545,2146,
38546,2146,
38547,2146,
38548,2146,
38549,2146,
38550,2146,
38551,2146,
38552,2146,
38553,2146,
38554,2146,
38555,2146,
38556,2146,
38557,2147,
38558,2147,
38559,2147,
38560,2147,
38561,2147,
38562,2147,
38563,2147,
38564,2147,
38565,2147,
38566,2147,
38567,2147,
38568,2147,
38569,2147,
38570,2177,
38571,2177,
38572,2177,
38573,2177,
38574,2177,
38575,2181,
38576,2181,
38577,2181,
38578,2181,
38579,2181,
38580,2182,
38581,2182,
38582,2182,
38583,2182,
38584,2182,
38585,2182,
38586,2182,
38587,2182,
38588,2182,
38589,2182,
38590,2182,
38591,2182,
38592,2182,
38593,2182,
38594,2182,
38595,2182,
38596,2182,
38597,2182,
38598,2182,
38599,2182,
38600,2182,
38601,2182,
38602,2182,
38603,2182,
38604,2182,
38605,2182,
38606,2182,
38607,2182,
38608,2186,
38609,2190,
38610,2200,
38611,2200,
38612,2200,
38613,2200,
38614,2202,
38615,2202,
38616,2202,
38617,2202,
38618,2202,
38619,2211,
38620,2211,
38621,2211,
38622,2214,
38623,2214,
38624,2214,
38625,2214,
38626,2214,
38627,2214,
38628,2223,
38629,2228,
38630,2228,
38631,2228,
38632,2228,
38633,2228,
38634,2228,
38635,2228,
38636,2228,
38637,2228,
38638,2230,
38639,2230,
38640,2230,
38641,2230,
38642,2230,
38643,2230,
38644,2231,
38645,2231,
38646,2233,
38647,2233,
38648,2235,
38649,2235,
38650,2235,
38651,2235,
38652,2235,
38653,2235,
38654,2235,
38655,2235,
38656,2235,
38657,2235,
38658,2235,
38659,2235,
38660,2235,
38661,2235,
38662,2235,
38663,2235,
38664,2235,
38665,2235,
38666,2239,
38667,2239,
38668,2240,
38669,2240,
38670,2240,
38671,2241,
38672,2241,
38673,2241,
38674,2241,
38675,2241,
38676,2241,
38677,2241,
38678,2245,
38679,2245,
38680,2245,
38681,2245,
38682,2245,
38683,2245,
38684,2245,
38685,2245,
38686,2248,
38687,2248,
38688,2248,
38689,2248,
38690,2248,
38691,2249,
38692,2249,
38693,2249,
38694,2249,
38695,2249,
38696,2249,
38697,2249,
38698,2249,
38699,2249,
38700,2249,
38701,2249,
38702,2249,
38703,2249,
38704,2249,
38705,2249,
38706,2249,
38707,2249,
38708,2249,
38709,2249,
38710,2249,
38711,2249,
38712,2249,
38713,2249,
38714,2249,
38715,2249,
38716,2249,
38717,2249,
38718,2249,
38719,2249,
38720,2249,
38721,2249,
38722,2251,
38723,2251,
38724,2251,
38725,2251,
38726,2252,
38727,2252,
38728,2252,
38729,2257,
38730,2258,
38731,2258,
38732,2263,
38733,2265,
38734,2265,
38735,2265,
38736,2265,
38737,2265,
38738,2265,
38739,2265,
38740,2265,
38741,2265,
38742,2265,
38743,2265,
38744,2265,
38745,2265,
38746,2265,
38747,2265,
38748,2265,
38749,2265,
38750,2271,
38751,2272,
38752,2274,
38753,2274,
38754,2275,
38755,2284,
38756,2290,
38757,2290,
38758,2294,
38759,2304,
38760,2304,
38761,2470,
38762,2470,
38763,2515,
38764,2524,
38765,2524,
38766,2524,
38767,2524,
38768,2541,
38769,2541,
38770,2541,
38771,2541,
38772,2541,
38773,2541,
38774,2541,
38775,2541,
38776,2543,
38777,2544,
38778,2568,
38779,2573,
38780,2573,
38781,2573,
38782,2576,
38783,2584,
38784,2584,
38785,2584,
38786,2584,
38787,2584,
38788,2584,
38789,2584,
38790,2592,
38791,2608,
38792,2615,
38793,2647,
38794,2647,
38795,2648,
38796,2667,
38797,2675,
38798,2680,
38799,2680,
38800,2687,
38801,2697,
38802,2708,
38803,2728,
38804,2733,
38805,2757,
38806,2765,
38807,2766,
38808,2783,
38809,2783,
38810,2789,
38811,2793,
38812,2797,
38813,2804,
38814,2804,
38815,2812,
38816,2813,
38817,2829,
38818,2835,
38819,2837,
38820,2861,
38821,2875,
38822,2875,
38823,2875,
38824,2880,
38825,2887,
38826,2887,
38827,2892,
38828,2893,
38829,2897,
38830,2901,
38831,2901,
38832,2901,
38833,2901,
38834,2901,
38835,2903,
38836,2903,
38837,2903,
38838,2903,
38839,2905,
38840,2923,
38841,2923,
38842,2923,
38843,2923,
38844,2923,
38845,2923,
38846,2923,
38847,2923,
38848,2923,
38849,2923,
38850,2923,
38851,2923,
38852,2923,
38853,2923,
38854,2923,
38855,2923,
38856,2923,
38857,2923,
38858,2923,
38859,2923,
38860,2923,
38861,2950,
38862,2950,
38863,2950,
38864,2950,
38865,2964,
38866,2972,
38867,2973,
38868,2973,
38869,2973,
38870,2973,
38871,2973,
38872,3017,
38873,3017,
38874,3017,
38875,3017,
38876,3018,
38877,3018,
38878,3018,
38879,3018,
38880,3026,
38881,3030,
38882,3030,
38883,3042,
38884,3042,
38885,3047,
38886,3049,
38887,3049,
38888,3049,
38889,3049,
38890,3077,
38891,3077,
38892,3077,
38893,3077,
38894,3077,
38895,3077,
38896,3087,
38897,3087,
38898,3087,
38899,3087,
38900,3087,
38901,3087,
38902,3087,
38903,3090,
38904,3098,
38905,3102,
38906,3102,
38907,3102,
38908,3102,
38909,3102,
38910,3102,
38911,3102,
38912,3102,
38913,3125,
38914,3125,
38915,3125,
38916,3125,
38917,3125,
38918,3125,
38919,3125,
38920,3133,
38921,3133,
38922,3134,
38923,3134,
38924,3134,
38925,3136,
38926,3188,
38927,3196,
38928,3198,
38929,3199,
38930,3201,
38931,3203,
38932,3205,
38933,3208,
38934,3208,
38935,3208,
38936,3210,
38937,3216,
38938,3216,
38939,3216,
38940,3216,
38941,3216,
38942,3216,
38943,3216,
38944,3216,
38945,3216,
38946,3220,
38947,3227,
38948,3235,
38949,3235,
38950,3235,
38951,3235,
38952,3235,
38953,3243,
38954,3243,
38955,3243,
38956,3243,
38957,3243,
38958,3245,
38959,3245,
38960,3246,
38961,3246,
38962,3246,
38963,3246,
38964,3246,
38965,3246,
38966,3246,
38967,3246,
38968,3246,
38969,3246,
38970,3246,
38971,3246,
38972,3246,
38973,3246,
38974,3246,
38975,3246,
38976,3246,
38977,3246,
38978,3255,
38979,3255,
38980,3255,
38981,3255,
38982,3255,
38983,3255,
38984,3255,
38985,3255,
38986,3256,
38987,3263,
38988,3266,
38989,3266,
38990,3266,
38991,3266,
38992,3266,
38993,3266,
38994,3278,
38995,3278,
38996,3282,
38997,3283,
38998,3288,
38999,3290,
39000,3290,
39001,3296,
39002,3297,
39003,3325,
39004,3329,
39005,3332,
39006,3341,
39007,3369,
39008,3436,
39009,3451,
39010,3456,
39011,3456,
39012,3462,
39013,3472,
39014,3581,
39015,3612,
39016,3625,
39017,3625,
39018,3631,
39019,3631,
39020,3631,
39021,3631,
39022,3631,
39023,3631,
39024,3631,
39025,3631,
39026,3632,
39027,3632,
39028,3638,
39029,3638,
39030,3652,
39031,3679,
39032,3687,
39033,3687,
39034,3688,
39035,3688,
39036,3688,
39037,3688,
39038,3692,
39039,3692,
39040,3692,
39041,3692,
39042,3692,
39043,3692,
39044,3692,
39045,3693,
39046,3693,
39047,3693,
39048,3693,
39049,3693,
39050,3693,
39051,3693,
39052,3699,
39053,3699,
39054,3699,
39055,3699,
39056,3700,
39057,3700,
39058,3703,
39059,3709,
39060,3709,
39061,3709,
39062,3709,
39063,3710,
39064,3710,
39065,3710,
39066,3711,
39067,3711,
39068,3711,
39069,3712,
39070,3712,
39071,3712,
39072,3712,
39073,3712,
39074,3712,
39075,3723,
39076,3723,
39077,3723,
39078,3724,
39079,3724,
39080,3724,
39081,3734,
39082,3734,
39083,3741,
39084,3741,
39085,3741,
39086,3741,
39087,3744,
39088,3744,
39089,3744,
39090,3746,
39091,3746,
39092,3746,
39093,3746,
39094,3746,
39095,3746,
39096,3749,
39097,3749,
39098,3749,
39099,3749,
39100,3750,
39101,3750,
39102,3750,
39103,3750,
39104,3756,
39105,3756,
39106,3759,
39107,3760,
39108,3760,
39109,3761,
39110,3761,
39111,3761,
39112,3761,
39113,3761,
39114,3765,
39115,3765,
39116,3765,
39117,3765,
39118,3765,
39119,3767,
39120,3767,
39121,3767,
39122,3771,
39123,3772,
39124,3772,
39125,3772,
39126,3772,
39127,3772,
39128,3772,
39129,3772,
39130,3772,
39131,3772,
39132,3772,
39133,3772,
39134,3772,
39135,3772,
39136,3772,
39137,3772,
39138,3772,
39139,3772,
39140,3772,
39141,3772,
39142,3772,
39143,3772,
39144,3772,
39145,3772,
39146,3784,
39147,3784,
39148,3785,
39149,3785,
39150,3785,
39151,3789,
39152,3789,
39153,3789,
39154,3789,
39155,3789,
39156,3789,
39157,3789,
39158,3790,
39159,3790,
39160,3793,
39161,3801,
39162,3801,
39163,3803,
39164,3803,
39165,3803,
39166,3803,
39167,3803,
39168,3803,
39169,3803,
39170,3803,
39171,3806,
39172,3806,
39173,3806,
39174,3806,
39175,3806,
39176,3806,
39177,3808,
39178,3808,
39179,3808,
39180,3808,
39181,3808,
39182,3821,
39183,3821,
39184,3821,
39185,3821,
39186,3821,
39187,3821,
39188,3821,
39189,3821,
39190,3821,
39191,3821,
39192,3821,
39193,3821,
39194,3821,
39195,3822,
39196,3825,
39197,3825,
39198,3825,
39199,3825,
39200,3825,
39201,3825,
39202,3844,
39203,3847,
39204,3852,
39205,3852,
39206,3865,
39207,3865,
39208,3868,
39209,3880,
39210,3884,
39211,3884,
39212,3887,
39213,3891,
39214,3891,
39215,3891,
39216,3891,
39217,3891,
39218,3891,
39219,3908,
39220,3916,
39221,3929,
39222,3944,
39223,3970,
39224,3972,
39225,3973,
39226,3983,
39227,3983,
39228,3983,
39229,3983,
39230,3983,
39231,3983,
39232,3983,
39233,3983,
39234,3983,
39235,3985,
39236,3985,
39237,3985,
39238,3985,
39239,3988,
39240,3988,
39241,3988,
39242,3988,
39243,3988,
39244,3988,
39245,3988,
39246,3988,
39247,3988,
39248,3988,
39249,3988,
39250,3988,
39251,3995,
39252,3995,
39253,3995,
39254,3995,
39255,3995,
39256,3995,
39257,3995,
39258,4027,
39259,4027,
39260,4043,
39261,4044,
39262,4044,
39263,4044,
39264,4044,
39265,4044,
39266,4044,
39267,4044,
39268,4044,
39269,4044,
39270,4052,
39271,4052,
39272,4052,
39273,4052,
39274,4053,
39275,4053,
39276,4053,
39277,4053,
39278,4053,
39279,4069,
39280,4101,
39281,4101,
39282,4101,
39283,4101,
39284,4101,
39285,4101,
39286,4101,
39287,4102,
39288,4102,
39289,4108,
39290,4109,
39291,4109,
39292,4113,
39293,4113,
39294,4113,
39295,4114,
39296,4114,
39297,4114,
39298,4114,
39299,4114,
39300,4117,
39301,4117,
39302,4117,
39303,4118,
39304,4118,
39305,4118,
39306,4118,
39307,4118,
39308,4118,
39309,4120,
39310,4120,
39311,4120,
39312,4120,
39313,4120,
39314,4120,
39315,4120,
39316,4120,
39317,4120,
39318,4120,
39319,4120,
39320,4120,
39321,4120,
39322,4120,
39323,4120,
39324,4120,
39325,4120,
39326,4120,
39327,4120,
39328,4120,
39329,4121,
39330,4121,
39331,4121,
39332,4121,
39333,4121,
39334,4121,
39335,4123,
39336,4123,
39337,4127,
39338,4148,
39339,4167,
39340,4178,
39341,4178,
39342,4178,
39343,4178,
39344,4191,
39345,4195,
39346,4195,
39347,4195,
39348,4209,
39349,4219,
39350,4229,
39351,4250,
39352,4250,
39353,4250,
39354,4250,
39355,4250,
39356,4250,
39357,4250,
39358,4250,
39359,4251,
39360,4251,
39361,4251,
39362,4261,
39363,4261,
39364,4261,
39365,4261,
39366,4264,
39367,4264,
39368,4264,
39369,4264,
39370,4264,
39371,4264,
39372,4264,
39373,4269,
39374,4269,
39375,4269,
39376,4269,
39377,4288,
39378,4288,
39379,4288,
39380,4291,
39381,4291,
39382,4291,
39383,4291,
39384,4291,
39385,4291,
39386,4291,
39387,4291,
39388,4291,
39389,4308,
39390,4309,
39391,4309,
39392,4321,
39393,4323,
39394,4323,
39395,4323,
39396,4350,
39397,4350,
39398,4354,
39399,4354,
39400,4354,
39401,4369,
39402,4369,
39403,4376,
39404,4376,
39405,4379,
39406,4388,
39407,4388,
39408,4398,
39409,4409,
39410,4409,
39411,4413,
39412,4419,
39413,4419,
39414,4419,
39415,4419,
39416,4419,
39417,4469,
39418,4469,
39419,4469,
39420,4469,
39421,4469,
39422,4493,
39423,4496,
39424,4503,
39425,4503,
39426,4503,
39427,5048,
39428,5048,
39429,5048,
39430,5053,
39431,5055,
39432,5055,
39433,5055,
39434,5057,
39435,5063,
39436,5063,
39437,5063,
39438,5064,
39439,5064,
39440,5064,
39441,5064,
39442,5064,
39443,5064,
39444,5064,
39445,5064,
39446,5064,
39447,5064,
39448,5064,
39449,5071,
39450,5071,
39451,5104,
39452,5104,
39453,5104,
39454,5104,
39455,5110,
39456,5110,
39457,5110,
39458,5110,
39459,5110,
39460,5110,
39461,5110,
39462,5112,
39463,5112,
39464,5112,
39465,5112,
39466,5112,
39467,5112,
39468,5112,
39469,5112,
39470,5116,
39471,5124,
39472,5128,
39473,5128,
39474,5128,
39475,5128,
39476,5128,
39477,5128,
39478,5128,
39479,5128,
39480,5128,
39481,5128,
39482,5128,
39483,5128,
39484,5128,
39485,5128,
39486,5128,
39487,5128,
39488,5128,
39489,5139,
39490,5162,
39491,5171,
39492,5173,
39493,5174,
39494,5175,
39495,5175,
39496,5175,
39497,5175,
39498,5175,
39499,5184,
39500,5185,
39501,5188,
39502,5188,
39503,5188,
39504,5245,
39505,5251,
39506,5253,
39507,5254,
39508,5254,
39509,5254,
39510,5254,
39511,5254,
39512,5254,
39513,5254,
39514,5254,
39515,5254,
39516,5254,
39517,5254,
39518,5254,
39519,5254,
39520,5254,
39521,5254,
39522,5254,
39523,5254,
39524,5258,
39525,5258,
39526,5258,
39527,5258,
39528,5258,
39529,5258,
39530,5258,
39531,5258,
39532,5258,
39533,5259,
39534,5259,
39535,5259,
39536,5259,
39537,5259,
39538,5259,
39539,5259,
39540,5259,
39541,5259,
39542,5259,
39543,5259,
39544,5259,
39545,5259,
39546,5266,
39547,5266,
39548,5267,
39549,5267,
39550,5267,
39551,5267,
39552,5267,
39553,5267,
39554,5267,
39555,5272,
39556,5272,
39557,5273,
39558,5273,
39559,5277,
39560,5279,
39561,5279,
39562,5279,
39563,5279,
39564,5279,
39565,5279,
39566,5279,
39567,5279,
39568,5279,
39569,5279,
39570,5279,
39571,5279,
39572,5279,
39573,5279,
39574,5279,
39575,5279,
39576,5279,
39577,5279,
39578,5279,
39579,5279,
39580,5279,
39581,5279,
39582,5279,
39583,5279,
39584,5279,
39585,5279,
39586,5279,
39587,5279,
39588,5279,
39589,5279,
39590,5279,
39591,5279,
39592,5279,
39593,5279,
39594,5279,
39595,5279,
39596,5279,
39597,5279,
39598,5279,
39599,5279,
39600,5279,
39601,5279,
39602,5279,
39603,5282,
39604,5284,
39605,5285,
39606,5286,
39607,5286,
39608,5286,
39609,5286,
39610,5287,
39611,5287,
39612,5287,
39613,5287,
39614,5287,
39615,5287,
39616,5287,
39617,5287,
39618,5287,
39619,5287,
39620,5287,
39621,5287,
39622,5287,
39623,5290,
39624,5291,
39625,5291,
39626,5291,
39627,5291,
39628,5291,
39629,5291,
39630,5291,
39631,5291,
39632,5291,
39633,5291,
39634,5291,
39635,5291,
39636,5291,
39637,5291,
39638,5291,
39639,5291,
39640,5291,
39641,5291,
39642,5291,
39643,5291,
39644,5291,
39645,5291,
39646,5291,
39647,5291,
39648,5291,
39649,5291,
39650,5291,
39651,5291,
39652,5291,
39653,5291,
39654,5291,
39655,5291,
39656,5291,
39657,5293,
39658,5293,
39659,5293,
39660,5293,
39661,5293,
39662,5293,
39663,5293,
39664,5293,
39665,5293,
39666,5293,
39667,5293,
39668,5293,
39669,5293,
39670,5293,
39671,5293,
39672,5293,
39673,5293,
39674,5293,
39675,5293,
39676,5293,
39677,5293,
39678,5293,
39679,5293,
39680,5293,
39681,5293,
39682,5293,
39683,5295,
39684,5295,
39685,5295,
39686,5295,
39687,5295,
39688,5295,
39689,5295,
39690,5295,
39691,5295,
39692,5295,
39693,5298,
39694,5298,
39695,5298,
39696,5298,
39697,5298,
39698,5298,
39699,5298,
39700,5298,
39701,5298,
39702,5298,
39703,5298,
39704,5298,
39705,5298,
39706,5302,
39707,5307,
39708,5308,
39709,5308,
39710,5321,
39711,5321,
39712,5321,
39713,5331,
39714,5331,
39715,5331,
39716,5331,
39717,5331,
39718,5331,
39719,5334,
39720,5339,
39721,5341,
39722,5351,
39723,5356,
39724,5356,
39725,5356,
39726,5356,
39727,5358,
39728,5358,
39729,5373,
39730,5382,
39731,5402,
39732,5402,
39733,5402,
39734,5402,
39735,5402,
39736,5402,
39737,5402,
39738,5402,
39739,5402,
39740,5402,
39741,5402,
39742,5416,
39743,5423,
39744,5433,
39745,5433,
39746,5433,
39747,5433,
39748,5448,
39749,5448,
39750,5448,
39751,5452,
39752,5452,
39753,5452,
39754,5452,
39755,5452,
39756,5452,
39757,5454,
39758,5454,
39759,5469,
39760,5469,
39761,5469,
39762,5476,
39763,5487,
39764,5490,
39765,5495,
39766,5495,
39767,5514,
39768,5514,
39769,5514,
39770,5522,
39771,5522,
39772,5522,
39773,5522,
39774,5522,
39775,5522,
39776,5522,
39777,5540,
39778,5540,
39779,5543,
39780,5554,
39781,5554,
39782,5554,
39783,5581,
39784,5582,
39785,5582,
39786,5582,
39787,5593,
39788,5601,
39789,5601,
39790,5601,
39791,5601,
39792,5601,
39793,5601,
39794,5601,
39795,5601,
39796,5601,
39797,5601,
39798,5601,
39799,5601,
39800,5601,
39801,5601,
39802,5601,
39803,5601,
39804,5601,
39805,5601,
39806,5601,
39807,5601,
39808,5601,
39809,5601,
39810,5601,
39811,5601,
39812,5601,
39813,5601,
39814,5601,
39815,5601,
39816,5601,
39817,5601,
39818,5601,
39819,5601,
39820,5601,
39821,5610,
39822,5611,
39823,5611,
39824,5611,
39825,5611,
39826,5611,
39827,5612,
39828,5612,
39829,5612,
39830,5612,
39831,5612,
39832,5612,
39833,5612,
39834,5612,
39835,5612,
39836,5612,
39837,5612,
39838,5612,
39839,5612,
39840,5612,
39841,5612,
39842,5612,
39843,5612,
39844,5612,
39845,5612,
39846,5612,
39847,5612,
39848,5612,
39849,5612,
39850,5612,
39851,5612,
39852,5612,
39853,5612,
39854,5612,
39855,5613,
39856,5613,
39857,5613,
39858,5613,
39859,5613,
39860,5615,
39861,5616,
39862,5616,
39863,5616,
39864,5616,
39865,5616,
39866,5616,
39867,5616,
39868,5616,
39869,5616,
39870,5616,
39871,5616,
39872,5616,
39873,5616,
39874,5616,
39875,5616,
39876,5616,
39877,5616,
39878,5616,
39879,5616,
39880,5616,
39881,5618,
39882,5618,
39883,5618,
39884,5618,
39885,5618,
39886,5618,
39887,5618,
39888,5618,
39889,5618,
39890,5618,
39891,5618,
39892,5618,
39893,5618,
39894,5618,
39895,5618,
39896,5618,
39897,5618,
39898,5625,
39899,5626,
39900,5632,
39901,5632,
39902,5644,
39903,5644,
39904,5644,
39905,5644,
39906,5644,
39907,5644,
39908,5644,
39909,5644,
39910,5644,
39911,5644,
39912,5653,
39913,5653,
39914,5653,
39915,5653,
39916,5653,
39917,5653,
39918,5653,
39919,5656,
39920,5661,
39921,5663,
39922,5663,
39923,5663,
39924,5663,
39925,5774,
39926,5823,
39927,5823,
39928,5823,
39929,5823,
39930,5831,
39931,5884,
39932,5896,
39933,5909,
39934,5909,
39935,5909,
39936,5954,
39937,5966,
39938,5971,
39939,5972,
39940,5976,
39941,5976,
39942,5977,
39943,5977,
39944,5977,
39945,5977,
39946,5977,
39947,5977,
39948,5977,
39949,5977,
39950,5977,
39951,5977,
39952,5977,
39953,5977,
39954,5977,
39955,5977,
39956,5977,
39957,5977,
39958,5977,
39959,5977,
39960,5977,
39961,5977,
39962,5977,
39963,5977,
39964,5977,
39965,5977,
39966,5977,
39967,5977,
39968,5977,
39969,5977,
39970,5977,
39971,5977,
39972,5977,
39973,5977,
39974,5977,
39975,5977,
39976,5977,
39977,5977,
39978,5977,
39979,5977,
39980,5977,
39981,5977,
39982,5977,
39983,5977,
39984,5977,
39985,5977,
39986,5977,
39987,5977,
39988,5978,
39989,5978,
39990,5978,
39991,5978,
39992,5978,
39993,5978,
39994,5978,
39995,5978,
39996,5982,
39997,5982,
39998,5982,
39999,5982,
40000,5982,
40001,5982,
40002,5982,
40003,5982,
40004,5982,
40005,5982,
40006,5982,
40007,5982,
40008,5982,
40009,5982,
40010,5982,
40011,5982,
40012,5982,
40013,5982,
40014,5982,
40015,5982,
40016,5982,
40017,5985,
40018,5987,
40019,5988,
40020,5988,
40021,5988,
40022,5988,
40023,5988,
40024,5988,
40025,5988,
40026,6006,
40027,6006,
40028,6006,
40029,6012,
40030,6014,
40031,6014,
40032,6014,
40033,6014,
40034,6014,
40035,6014,
40036,6014,
40037,6014,
40038,6019,
40039,6022,
40040,6022,
40041,6022,
40042,6022,
40043,6022,
40044,6022,
40045,6077,
40046,6077,
40047,6077,
40048,6077,
40049,6077,
40050,6077,
40051,6077,
40052,6077,
40053,6081,
40054,6091,
40055,6091,
40056,6095,
40057,6097,
40058,6106,
40059,6106,
40060,6106,
40061,6106,
40062,6106,
40063,6106,
40064,6106,
40065,6106,
40066,6107,
40067,6107,
40068,6107,
40069,6107,
40070,6107,
40071,6107,
40072,6107,
40073,6107,
40074,6107,
40075,6107,
40076,6107,
40077,6107,
40078,6107,
40079,6107,
40080,6107,
40081,6107,
40082,6107,
40083,6107,
40084,6107,
40085,6107,
40086,6107,
40087,6107,
40088,6107,
40089,6107,
40090,6107,
40091,6107,
40092,6107,
40093,6107,
40094,6107,
40095,6107,
40096,6107,
40097,6107,
40098,6108,
40099,6108,
40100,6108,
40101,6108,
40102,6108,
40103,6108,
40104,6108,
40105,6108,
40106,6108,
40107,6108,
40108,6108,
40109,6110,
40110,6110,
40111,6110,
40112,6110,
40113,6110,
40114,6110,
40115,6111,
40116,6111,
40117,6111,
40118,6111,
40119,6111,
40120,6111,
40121,6111,
40122,6111,
40123,6111,
40124,6111,
40125,6111,
40126,6111,
40127,6111,
40128,6111,
40129,6111,
40130,6111,
40131,6111,
40132,6111,
40133,6111,
40134,6112,
40135,6112,
40136,6112,
40137,6112,
40138,6112,
40139,6112,
40140,6112,
40141,6112,
40142,6112,
40143,6112,
40144,6112,
40145,6112,
40146,6112,
40147,6112,
40148,6112,
40149,6112,
40150,6112,
40151,6112,
40152,6112,
40153,6112,
40154,6112,
40155,6112,
40156,6112,
40157,6112,
40158,6112,
40159,6112,
40160,6112,
40161,6112,
40162,6112,
40163,6112,
40164,6112,
40165,6112,
40166,6112,
40167,6112,
40168,6112,
40169,6112,
40170,6112,
40171,6112,
40172,6112,
40173,6112,
40174,6112,
40175,6112,
40176,6112,
40177,6112,
40178,6112,
40179,6112,
40180,6112,
40181,6112,
40182,6112,
40183,6112,
40184,6112,
40185,6112,
40186,6112,
40187,6112,
40188,6112,
40189,6112,
40190,6112,
40191,6112,
40192,6112,
40193,6112,
40194,6112,
40195,6112,
40196,6112,
40197,6112,
40198,6112,
40199,6112,
40200,6112,
40201,6112,
40202,6112,
40203,6112,
40204,6112,
40205,6112,
40206,6112,
40207,6118,
40208,6118,
40209,6118,
40210,6120,
40211,6120,
40212,6120,
40213,6120,
40214,6120,
40215,6120,
40216,6120,
40217,6120,
40218,6120,
40219,6120,
40220,6120,
40221,6120,
40222,6120,
40223,6120,
40224,6121,
40225,6121,
40226,6121,
40227,6121,
40228,6121,
40229,6121,
40230,6121,
40231,6121,
40232,6121,
40233,6121,
40234,6121,
40235,6121,
40236,6121,
40237,6121,
40238,6121,
40239,6121,
40240,6121,
40241,6121,
40242,6121,
40243,6121,
40244,6121,
40245,6121,
40246,6121,
40247,6121,
40248,6121,
40249,6121,
40250,6121,
40251,6121,
40252,6121,
40253,6121,
40254,6121,
40255,6121,
40256,6121,
40257,6121,
40258,6121,
40259,6121,
40260,6121,
40261,6121,
40262,6121,
40263,6121,
40264,6121,
40265,6121,
40266,6121,
40267,6121,
40268,6121,
40269,6121,
40270,6121,
40271,6121,
40272,6121,
40273,6121,
40274,6121,
40275,6121,
40276,6121,
40277,6121,
40278,6121,
40279,6121,
40280,6121,
40281,6121,
40282,6121,
40283,6121,
40284,6121,
40285,6122,
40286,6122,
40287,6122,
40288,6122,
40289,6122,
40290,6122,
40291,6122,
40292,6122,
40293,6122,
40294,6122,
40295,6122,
40296,6122,
40297,6122,
40298,6122,
40299,6122,
40300,6122,
40301,6122,
40302,6122,
40303,6122,
40304,6122,
40305,6122,
40306,6122,
40307,6122,
40308,6122,
40309,6122,
40310,6122,
40311,6122,
40312,6122,
40313,6122,
40314,6122,
40315,6122,
40316,6122,
40317,6122,
40318,6122,
40319,6122,
40320,6122,
40321,6122,
40322,6122,
40323,6122,
40324,6122,
40325,6122,
40326,6122,
40327,6122,
40328,6122,
40329,6122,
40330,6122,
40331,6122,
40332,6122,
40333,6122,
40334,6122,
40335,6122,
40336,6122,
40337,6122,
40338,6122,
40339,6122,
40340,6122,
40341,6122,
40342,6122,
40343,6122,
40344,6122,
40345,6122,
40346,6122,
40347,6122,
40348,6122,
40349,6122,
40350,6122,
40351,6122,
40352,6122,
40353,6122,
40354,6122,
40355,6122,
40356,6122,
40357,6122,
40358,6122,
40359,6122,
40360,6122,
40361,6122,
40362,6122,
40363,6122,
40364,6122,
40365,6122,
40366,6122,
40367,6122,
40368,6122,
40369,6122,
40370,6122,
40371,6122,
40372,6122,
40373,6122,
40374,6122,
40375,6122,
40376,6123,
40377,6123,
40378,6123,
40379,6123,
40380,6123,
40381,6123,
40382,6123,
40383,6123,
40384,6123,
40385,6123,
40386,6123,
40387,6123,
40388,6123,
40389,6123,
40390,6138,
40391,6143,
40392,6150,
40393,6152,
40394,6152,
40395,6152,
40396,6152,
40397,6152,
40398,6152,
40399,6159,
40400,6160,
40401,6160,
40402,6160,
40403,6160,
40404,6160,
40405,6160,
40406,6160,
40407,6160,
40408,6160,
40409,6160,
40410,6160,
40411,6160,
40412,6160,
40413,6160,
40414,6160,
40415,6160,
40416,6160,
40417,6160,
40418,6160,
40419,6160,
40420,6160,
40421,6160,
40422,6160,
40423,6160,
40424,6160,
40425,6160,
40426,6160,
40427,6160,
40428,6162,
40429,6162,
40430,6164,
40431,6165,
40432,6165,
40433,6165,
40434,6165,
40435,6165,
40436,6165,
40437,6165,
40438,6165,
40439,6165,
40440,6165,
40441,6165,
40442,6165,
40443,6165,
40444,6165,
40445,6165,
40446,6165,
40447,6165,
40448,6165,
40449,6165,
40450,6165,
40451,6165,
40452,6167,
40453,6167,
40454,6167,
40455,6167,
40456,6168,
40457,6173,
40458,6179,
40459,6180,
40460,6181,
40461,6181,
40462,6188,
40463,6195,
40464,6195,
40465,6200,
40466,6200,
40467,6200,
40468,6200,
40469,6200,
40470,6201,
40471,6201,
40472,6201,
40473,6201,
40474,6201,
40475,6201,
40476,6201,
40477,6201,
40478,6201,
40479,6201,
40480,6201,
40481,6201,
40482,6201,
40483,6201,
40484,6201,
40485,6201,
40486,6201,
40487,6202,
40488,6202,
40489,6202,
40490,6202,
40491,6202,
40492,6202,
40493,6202,
40494,6202,
40495,6202,
40496,6202,
40497,6202,
40498,6202,
40499,6202,
40500,6206,
40501,6220,
40502,6220,
40503,6220,
40504,6220,
40505,6221,
40506,6221,
40507,6224,
40508,6224,
40509,6224,
40510,6224,
40511,6224,
40512,6227,
40513,6227,
40514,6227,
40515,6227,
40516,6227,
40517,6227,
40518,6227,
40519,6227,
40520,6227,
40521,6227,
40522,6227,
40523,6227,
40524,6227,
40525,6227,
40526,6227,
40527,6227,
40528,6227,
40529,6227,
40530,6227,
40531,6227,
40532,6234,
40533,6234,
40534,6234,
40535,6234,
40536,6234,
40537,6234,
40538,6234,
40539,6234,
40540,6234,
40541,6234,
40542,6234,
40543,6234,
40544,6234,
40545,6234,
40546,6234,
40547,6240,
40548,6240,
40549,6240,
40550,6240,
40551,6240,
40552,6240,
40553,6240,
40554,6240,
40555,6240,
40556,6240,
40557,6240,
40558,6240,
40559,6240,
40560,6240,
40561,6240,
40562,6240,
40563,6240,
40564,6240,
40565,6240,
40566,6240,
40567,6240,
40568,6240,
40569,6240,
40570,6240,
40571,6240,
40572,6240,
40573,6240,
40574,6240,
40575,6240,
40576,6240,
40577,6240,
40578,6240,
40579,6240,
40580,6240,
40581,6240,
40582,6240,
40583,6240,
40584,6240,
40585,6240,
40586,6240,
40587,6240,
40588,6240,
40589,6246,
40590,6246,
40591,6246,
40592,6251,
40593,6251,
40594,6251,
40595,6251,
40596,6251,
40597,6251,
40598,6251,
40599,6251,
40600,6251,
40601,6251,
40602,6251,
40603,6251,
40604,6251,
40605,6251,
40606,6251,
40607,6251,
40608,6251,
40609,6251,
40610,6251,
40611,6251,
40612,6251,
40613,6251,
40614,6251,
40615,6251,
40616,6251,
40617,6251,
40618,6254,
40619,6254,
40620,6254,
40621,6254,
40622,6254,
40623,6254,
40624,6254,
40625,6254,
40626,6254,
40627,6254,
40628,6254,
40629,6254,
40630,6257,
40631,6257,
40632,6257,
40633,6260,
40634,6260,
40635,6260,
40636,6260,
40637,6260,
40638,6260,
40639,6260,
40640,6260,
40641,6260,
40642,6260,
40643,6260,
40644,6260,
40645,6260,
40646,6260,
40647,6260,
40648,6260,
40649,6260,
40650,6260,
40651,6260,
40652,6260,
40653,6260,
40654,6285,
40655,6285,
40656,6290,
40657,6290,
40658,6290,
40659,6290,
40660,6293,
40661,6293,
40662,6293,
40663,6293,
40664,6293,
40665,6293,
40666,6293,
40667,6293,
40668,6293,
40669,6293,
40670,6293,
40671,6293,
40672,6293,
40673,6293,
40674,6293,
40675,6293,
40676,6293,
40677,6293,
40678,6293,
40679,6293,
40680,6293,
40681,6293,
40682,6293,
40683,6293,
40684,6293,
40685,6293,
40686,6293,
40687,6293,
40688,6293,
40689,6293,
40690,6293,
40691,6293,
40692,6293,
40693,6293,
40694,6293,
40695,6293,
40696,6294,
40697,6294,
40698,6294,
40699,6294,
40700,6294,
40701,6294,
40702,6294,
40703,6294,
40704,6294,
40705,6294,
40706,6294,
40707,6294,
40708,6294,
40709,6294,
40710,6294,
40711,6294,
40712,6294,
40713,6294,
40714,6294,
40715,6294,
40716,6294,
40717,6294,
40718,6294,
40719,6294,
40720,6294,
40721,6294,
40722,6294,
40723,6294,
40724,6294,
40725,6294,
40726,6294,
40727,6294,
40728,6294,
40729,6305,
40730,6310,
40731,6310,
40732,6310,
40733,6310,
40734,6310,
40735,6310,
40736,6310,
40737,6310,
40738,6311,
40739,6311,
40740,6324,
40741,6324,
40742,6324,
40743,6327,
40744,6331,
40745,6331,
40746,6331,
40747,6336,
40748,6338,
40749,6355,
40750,6409,
40751,6409,
40752,6414,
40753,6414,
40754,6459,
40755,6460,
40756,6465,
40757,6465,
40758,6494,
40759,6505,
40760,6642,
40761,6647,
40762,6647,
40763,6647,
40764,6647,
40765,6650,
40766,6665,
40767,6665,
40768,6665,
40769,6665,
40770,6665,
40771,6665,
40772,6665,
40773,6665,
40774,6665,
40775,6665,
40776,6665,
40777,6665,
40778,6665,
40779,6665,
40780,6665,
40781,6665,
40782,6665,
40783,6665,
40784,6665,
40785,6665,
40786,6665,
40787,6665,
40788,6665,
40789,6665,
40790,6665,
40791,6665,
40792,6665,
40793,6665,
40794,6665,
40795,6665,
40796,6665,
40797,6665,
40798,6665,
40799,6665,
40800,6665,
40801,6665,
40802,6665,
40803,6665,
40804,6665,
40805,6673,
40806,6673,
40807,6673,
40808,6679,
40809,6679,
40810,6680,
40811,6680,
40812,6680,
40813,6680,
40814,6685,
40815,6706,
40816,6717,
40817,6727,
40818,6727,
40819,6729,
40820,6732,
40821,6737,
40822,6737,
40823,6737,
40824,6740,
40825,6747,
40826,6749,
40827,6759,
40828,6761,
40829,6762,
40830,6767,
40831,6786,
40832,6786,
40833,6788,
40834,6791,
40835,6796,
40836,6796,
40837,6796,
40838,6796,
40839,6796,
40840,6796,
40841,6796,
40842,6797,
40843,6797,
40844,6797,
40845,6797,
40846,6798,
40847,6798,
40848,6799,
40849,6806,
40850,6829,
40851,6829,
40852,6829,
40853,6829,
40854,6829,
40855,6829,
40856,6829,
40857,6829,
40858,6829,
40859,6832,
40860,6832,
40861,6832,
40862,6832,
40863,6832,
40864,6832,
40865,6832,
40866,6832,
40867,6832,
40868,6833,
40869,6833,
40870,6833,
40871,6833,
40872,6833,
40873,6833,
40874,6833,
40875,6836,
40876,6836,
40877,6836,
40878,6836,
40879,6836,
40880,6836,
40881,6836,
40882,6836,
40883,6836,
40884,6836,
40885,6836,
40886,6836,
40887,6836,
40888,6836,
40889,6836,
40890,6836,
40891,6836,
40892,6836,
40893,6836,
40894,6836,
40895,6836,
40896,6837,
40897,6837,
40898,6837,
40899,6837,
40900,6837,
40901,6837,
40902,6837,
40903,6837,
40904,6837,
40905,6837,
40906,6839,
40907,6839,
40908,6839,
40909,6839,
40910,6839,
40911,6839,
40912,6839,
40913,6839,
40914,6839,
40915,6843,
40916,6843,
40917,6843,
40918,6843,
40919,6843,
40920,6843,
40921,6843,
40922,6843,
40923,6843,
40924,6843,
40925,6843,
40926,6846,
40927,6846,
40928,6846,
40929,6846,
40930,6846,
40931,6846,
40932,6846,
40933,6846,
40934,6846,
40935,6846,
40936,6846,
40937,6846,
40938,6846,
40939,6846,
40940,6846,
40941,6846,
40942,6846,
40943,6846,
40944,6846,
40945,6846,
40946,6846,
40947,6846,
40948,6846,
40949,6846,
40950,6846,
40951,6846,
40952,6846,
40953,6846,
40954,6849,
40955,6849,
40956,6849,
40957,6849,
40958,6849,
40959,6849,
40960,6849,
40961,6849,
40962,6851,
40963,6851,
40964,6851,
40965,6851,
40966,6851,
40967,6851,
40968,6851,
40969,6851,
40970,6851,
40971,6851,
40972,6851,
40973,6851,
40974,6851,
40975,6851,
40976,6852,
40977,6852,
40978,6852,
40979,6852,
40980,6852,
40981,6852,
40982,6852,
40983,6852,
40984,6852,
40985,6852,
40986,6852,
40987,6857,
40988,6866,
40989,6873,
40990,6875,
40991,6875,
40992,6875,
40993,6875,
40994,6875,
40995,6875,
40996,6875,
40997,6875,
40998,6881,
40999,6882,
41000,6882,
41001,6882,
41002,6882,
41003,6882,
41004,6882,
41005,6882,
41006,6882,
41007,6882,
41008,6882,
41009,6882,
41010,6882,
41011,6882,
41012,6882,
41013,6882,
41014,6882,
41015,6885,
41016,6885,
41017,6885,
41018,6885,
41019,6885,
41020,6885,
41021,6885,
41022,6885,
41023,6885,
41024,6885,
41025,6885,
41026,6885,
41027,6885,
41028,6885,
41029,6885,
41030,6885,
41031,6885,
41032,6885,
41033,6885,
41034,6885,
41035,6885,
41036,6885,
41037,6885,
41038,6885,
41039,6885,
41040,6885,
41041,6885,
41042,6885,
41043,6885,
41044,6885,
41045,6885,
41046,6885,
41047,6885,
41048,6885,
41049,6885,
41050,6885,
41051,6885,
41052,6885,
41053,6885,
41054,6885,
41055,6885,
41056,6885,
41057,6885,
41058,6885,
41059,6885,
41060,6885,
41061,6885,
41062,6885,
41063,6885,
41064,6885,
41065,6885,
41066,6885,
41067,6885,
41068,6898,
41069,6898,
41070,6898,
41071,6898,
41072,6898,
41073,6898,
41074,6898,
41075,6898,
41076,6898,
41077,6898,
41078,6898,
41079,6898,
41080,6898,
41081,6898,
41082,6898,
41083,6898,
41084,6898,
41085,6898,
41086,6898,
41087,6898,
41088,6898,
41089,6898,
41090,6898,
41091,6898,
41092,6898,
41093,6898,
41094,6898,
41095,6898,
41096,6898,
41097,6898,
41098,6898,
41099,6898,
41100,6898,
41101,6898,
41102,6898,
41103,6898,
41104,6898,
41105,6898,
41106,6898,
41107,6908,
41108,6908,
41109,6908,
41110,6908,
41111,6908,
41112,6908,
41113,6908,
41114,6908,
41115,6908,
41116,6908,
41117,6908,
41118,6908,
41119,6908,
41120,6908,
41121,6908,
41122,6908,
41123,6908,
41124,6908,
41125,6908,
41126,6908,
41127,6908,
41128,6908,
41129,6908,
41130,6908,
41131,6908,
41132,6908,
41133,6908,
41134,6908,
41135,6908,
41136,6908,
41137,6908,
41138,6908,
41139,6908,
41140,6908,
41141,6908,
41142,6908,
41143,6908,
41144,6908,
41145,6908,
41146,6908,
41147,6908,
41148,6908,
41149,6908,
41150,6908,
41151,6908,
41152,6908,
41153,6908,
41154,6908,
41155,6908,
41156,6908,
41157,6908,
41158,6908,
41159,6908,
41160,6908,
41161,6908,
41162,6908,
41163,6908,
41164,6908,
41165,6910,
41166,6910,
41167,6910,
41168,6910,
41169,6910,
41170,6910,
41171,6910,
41172,6910,
41173,6910,
41174,6910,
41175,6910,
41176,6910,
41177,6910,
41178,6910,
41179,6910,
41180,6910,
41181,6910,
41182,6910,
41183,6910,
41184,6910,
41185,6910,
41186,6911,
41187,6913,
41188,6913,
41189,6913,
41190,6913,
41191,6913,
41192,6913,
41193,6913,
41194,6913,
41195,6916,
41196,6916,
41197,6916,
41198,6916,
41199,6916,
41200,6919,
41201,6922,
41202,6922,
41203,6922,
41204,6922,
41205,6922,
41206,6922,
41207,6923,
41208,6924,
41209,6924,
41210,6924,
41211,6924,
41212,6924,
41213,6924,
41214,6925,
41215,6925,
41216,6925,
41217,6925,
41218,6925,
41219,6925,
41220,6925,
41221,6925,
41222,6925,
41223,6925,
41224,6925,
41225,6925,
41226,6925,
41227,6926,
41228,6926,
41229,6926,
41230,6926,
41231,6926,
41232,6926,
41233,6926,
41234,6926,
41235,6926,
41236,6926,
41237,6926,
41238,6926,
41239,6926,
41240,6926,
41241,6926,
41242,6928,
41243,6929,
41244,6929,
41245,6929,
41246,6929,
41247,6929,
41248,6929,
41249,6929,
41250,6929,
41251,6929,
41252,6929,
41253,6929,
41254,6929,
41255,6929,
41256,6929,
41257,6929,
41258,6929,
41259,6929,
41260,6929,
41261,6929,
41262,6929,
41263,6929,
41264,6929,
41265,6929,
41266,6929,
41267,6933,
41268,6933,
41269,6933,
41270,6933,
41271,6933,
41272,6933,
41273,6933,
41274,6933,
41275,6933,
41276,6933,
41277,6933,
41278,6933,
41279,6933,
41280,6933,
41281,6933,
41282,6933,
41283,6933,
41284,6933,
41285,6933,
41286,6933,
41287,6933,
41288,6935,
41289,6938,
41290,6938,
41291,6938,
41292,6942,
41293,6954,
41294,6954,
41295,6954,
41296,6954,
41297,6954,
41298,6954,
41299,6954,
41300,6954,
41301,6954,
41302,6954,
41303,6954,
41304,6954,
41305,6954,
41306,6954,
41307,6954,
41308,6954,
41309,6954,
41310,6954,
41311,6954,
41312,6954,
41313,6954,
41314,6954,
41315,6954,
41316,6954,
41317,6954,
41318,6954,
41319,6954,
41320,6954,
41321,6954,
41322,6954,
41323,6954,
41324,6954,
41325,6954,
41326,6954,
41327,6956,
41328,6956,
41329,6956,
41330,6956,
41331,6956,
41332,6959,
41333,6963,
41334,6969,
41335,6973,
41336,6973,
41337,6973,
41338,6973,
41339,6973,
41340,6973,
41341,6973,
41342,6973,
41343,6973,
41344,6973,
41345,6978,
41346,6988,
41347,6996,
41348,6996,
41349,7002,
41350,7002,
41351,7002,
41352,7018,
41353,7024,
41354,7029,
41355,7031,
41356,7031,
41357,7031,
41358,7031,
41359,7031,
41360,7031,
41361,7031,
41362,7031,
41363,7031,
41364,7031,
41365,7031,
41366,7031,
41367,7031,
41368,7031,
41369,7031,
41370,7031,
41371,7031,
41372,7031,
41373,7031,
41374,7031,
41375,7031,
41376,7032,
41377,7032,
41378,7032,
41379,7032,
41380,7032,
41381,7032,
41382,7032,
41383,7032,
41384,7032,
41385,7032,
41386,7033,
41387,7033,
41388,7033,
41389,7033,
41390,7033,
41391,7033,
41392,7033,
41393,7035,
41394,7035,
41395,7035,
41396,7035,
41397,7035,
41398,7035,
41399,7035,
41400,7035,
41401,7035,
41402,7035,
41403,7035,
41404,7035,
41405,7035,
41406,7035,
41407,7037,
41408,7037,
41409,7037,
41410,7037,
41411,7037,
41412,7037,
41413,7037,
41414,7037,
41415,7037,
41416,7037,
41417,7037,
41418,7039,
41419,7039,
41420,7039,
41421,7039,
41422,7039,
41423,7040,
41424,7040,
41425,7040,
41426,7046,
41427,7046,
41428,7046,
41429,7049,
41430,7050,
41431,7050,
41432,7050,
41433,7050,
41434,7050,
41435,7050,
41436,7050,
41437,7050,
41438,7050,
41439,7051,
41440,7051,
41441,7051,
41442,7051,
41443,7051,
41444,7051,
41445,7053,
41446,7057,
41447,7057,
41448,7057,
41449,7068,
41450,7069,
41451,7069,
41452,7069,
41453,7069,
41454,7094,
41455,7094,
41456,7097,
41457,7100,
41458,7102,
41459,7115,
41460,7115,
41461,7116,
41462,7116,
41463,7129,
41464,7129,
41465,7129,
41466,7129,
41467,7139,
41468,7139,
41469,7139,
41470,7139,
41471,7139,
41472,7139,
41473,7140,
41474,7140,
41475,7147,
41476,7147,
41477,7147,
41478,7147,
41479,7147,
41480,7147,
41481,7147,
41482,7147,
41483,7147,
41484,7147,
41485,7147,
41486,7147,
41487,7147,
41488,7147,
41489,7147,
41490,7147,
41491,7147,
41492,7147,
41493,7147,
41494,7147,
41495,7147,
41496,7147,
41497,7147,
41498,7147,
41499,7147,
41500,7147,
41501,7147,
41502,7147,
41503,7147,
41504,7147,
41505,7147,
41506,7147,
41507,7147,
41508,7147,
41509,7147,
41510,7147,
41511,7147,
41512,7147,
41513,7150,
41514,7150,
41515,7150,
41516,7150,
41517,7150,
41518,7150,
41519,7150,
41520,7163,
41521,7163,
41522,7163,
41523,7163,
41524,7166,
41525,7166,
41526,7167,
41527,7167,
41528,7167,
41529,7167,
41530,7167,
41531,7167,
41532,7167,
41533,7167,
41534,7173,
41535,7179,
41536,7180,
41537,7180,
41538,7181,
41539,7181,
41540,7181,
41541,7181,
41542,7197,
41543,7209,
41544,7249,
41545,7274,
41546,7274,
41547,7274,
41548,7274,
41549,7274,
41550,7274,
41551,7274,
41552,7274,
41553,7274,
41554,7274,
41555,7301,
41556,7345,
41557,7345,
41558,7345,
41559,7345,
41560,7345,
41561,7345,
41562,7345,
41563,7345,
41564,7345,
41565,7345,
41566,7345,
41567,7345,
41568,7345,
41569,7345,
41570,7345,
41571,7345,
41572,7345,
41573,7345,
41574,7345,
41575,7345,
41576,7345,
41577,7345,
41578,7345,
41579,7345,
41580,7345,
41581,7345,
41582,7345,
41583,7345,
41584,7345,
41585,7345,
41586,7345,
41587,7345,
41588,7345,
41589,7345,
41590,7345,
41591,7345,
41592,7345,
41593,7345,
41594,7345,
41595,7345,
41596,7345,
41597,7345,
41598,7345,
41599,7345,
41600,7345,
41601,7345,
41602,7345,
41603,7345,
41604,7372,
41605,7388,
41606,7388,
41607,7388,
41608,7388,
41609,7388,
41610,7414,
41611,7450,
41612,7450,
41613,7450,
41614,7450,
41615,7450,
41616,7450,
41617,7485,
41618,7485,
41619,7485,
41620,7520,
41621,7520,
41622,7520,
41623,7520,
41624,7520,
41625,7522,
41626,7522,
41627,7522,
41628,7522,
41629,7582,
41630,7639,
41631,7699,
41632,7699,
41633,7699,
41634,7699,
41635,7757,
41636,7757,
41637,7757,
41638,7757,
41639,7757,
41640,7757,
41641,7757,
41642,7757,
41643,7757,
41644,7757,
41645,7757,
41646,7757,
41647,7824,
41648,7898,
41649,7898,
41650,7901,
41651,7901,
41652,7901,
41653,7980,
41654,7980,
41655,7980,
41656,7980,
41657,8061,
41658,8065,
41659,8065,
41660,8152,
41661,8174,
41662,8175,
41663,8258,
41664,8341,
41665,8341,
41666,8423,
41667,8504,
41668,8621,
41669,8741,
41670,8858,
41671,8858,
41672,8858,
41673,8858,
41674,8967,
41675,8967,
41676,9076,
41677,9190,
41678,9298,
41679,9298,
41680,9303,
41681,9306,
41682,9306,
41683,9306,
41684,9306,
41685,9306,
41686,9306,
41687,9306,
41688,9306,
41689,9306,
41690,9306,
41691,9306,
41692,9306,
41693,9306,
41694,9306,
41695,9306,
41696,9419,
41697,9419,
41698,9419,
41699,9419,
41700,9419,
41701,9534,
41702,9534,
41703,9534,
41704,9535,
41705,9535,
41706,9535,
41707,9535,
41708,9535,
41709,9535,
41710,9896,
41711,9896,
41712,9896,
41713,9896,
41714,9896,
41715,9896,
41716,9896,
41717,9896,
41718,9896,
41719,9896,
41720,9896,
41721,9896,
41722,9896,
41723,9896,
41724,9896,
41725,9896,
41726,9896,
41727,9896,
41728,9896,
41729,9896,
41730,9896,
41731,9896,
41732,9896,
41733,9896,
41734,9904,
41735,9904,
41736,9904,
41737,10272,
41738,10272,
41739,10272,
41740,10272,
41741,10272,
41742,10272,
41743,10272,
41744,10272,
41745,10272,
41746,10272,
41747,10272,
41748,10272,
41749,10272,
41750,10272,
41751,10272,
41752,10272,
41753,10272,
41754,10272,
41755,10272,
41756,10272,
41757,10272,
41758,10272,
41759,10272,
41760,10272,
41761,10272,
41762,10272,
41763,10272,
41764,10272,
41765,10272,
41766,10272,
41767,10272,
41768,10272,
41769,10272,
41770,10272,
41771,10640,
41772,10640,
41773,10640,
41774,10640,
41775,10640,
41776,10640,
41777,10640,
41778,10640,
41779,10640,
41780,10640,
41781,10640,
41782,10640,
41783,10640,
41784,10640,
41785,10640,
41786,10640,
41787,10640,
41788,10640,
41789,10640,
41790,11009,
41791,11009,
41792,11009,
41793,11009,
41794,11009,
41795,11009,
41796,11009,
41797,11009,
41798,11009,
41799,11009,
41800,11009,
41801,11009,
41802,11009,
41803,11009,
41804,11009,
41805,11009,
41806,11378,
41807,11378,
41808,11378,
41809,11378,
41810,11378,
41811,11378,
41812,11378,
41813,11378,
41814,11378,
41815,11378,
41816,11378,
41817,11378,
41818,11378,
41819,11378,
41820,11378,
41821,11378,
41822,11380,
41823,11748,
41824,11748,
41825,11748,
41826,11748,
41827,11748,
41828,11748,
41829,11748,
41830,11748,
41831,11748,
41832,11748,
41833,11748,
41834,11748,
41835,11748,
41836,11748,
41837,11748,
41838,11748,
41839,11748,
41840,11748,
41841,11748,
41842,11748,
41843,11748,
41844,11748,
41845,11748,
41846,11748,
41847,11748,
41848,11748,
41849,11748,
41850,11748,
41851,11748,
41852,11748,
41853,11748,
41854,11748,
41855,11748,
41856,11748,
41857,11748,
41858,11748,
41859,11748,
41860,11748,
41861,12116,
41862,12116,
41863,12116,
41864,12116,
41865,12485,
41866,12485,
41867,12485,
41868,12485,
41869,12485,
41870,12485,
41871,12485,
41872,12485,
41873,12485,
41874,12485,
41875,12485,
41876,12485,
41877,12485,
41878,12485,
41879,12485,
41880,12485,
41881,12485,
41882,12485,
41883,12485,
41884,12485,
41885,12485,
41886,12485,
41887,12485,
41888,12485,
41889,12485,
41890,12485,
41891,12485,
41892,12485,
41893,12485,
41894,12485,
41895,12485,
41896,12485,
41897,12485,
41898,12485,
41899,12485,
41900,12485,
41901,12485,
41902,12485,
41903,12485,
41904,12485,
41905,12485,
41906,12485,
41907,12486,
41908,12486,
41909,12486,
41910,12486,
41911,12486,
41912,12486,
41913,12486,
41914,12854,
41915,12854,
41916,12854,
41917,12854,
41918,12854,
41919,12854,
41920,12854,
41921,12854,
41922,12854,
41923,12854,
41924,12854,
41925,12854,
41926,12854,
41927,12854,
41928,12854,
41929,12854,
41930,12854,
41931,12854,
41932,12854,
41933,12854,
41934,12854,
41935,12854,
41936,12854,
41937,12854,
41938,12854,
41939,12854,
41940,12854,
41941,12854,
41942,13223,
41943,13223,
41944,13223,
41945,13223,
41946,13223,
41947,13223,
41948,13223,
41949,13223,
41950,13223,
41951,13223,
41952,13223,
41953,13592,
41954,13961,
41955,13961,
41956,13961,
41957,13961,
41958,13961,
41959,13961,
41960,13961,
41961,13961,
41962,13961,
41963,13961,
41964,13961,
41965,13961,
41966,13961,
41967,13961,
41968,13961,
41969,13961,
41970,13961,
41971,13961,
41972,13961,
41973,13961,
41974,13961,
41975,13961,
41976,13961,
41977,13961,
41978,13961,
41979,13961,
41980,13961,
41981,13961,
41982,13961,
41983,13961,
41984,13961,
41985,14331,
41986,14331,
41987,14331,
41988,14331,
41989,14331,
41990,14331,
41991,14331,
41992,14331,
41993,14331,
41994,14331,
41995,14331,
41996,14331,
41997,14331,
41998,14331,
41999,14331,
42000,14331,
42001,14331,
42002,14331,
42003,14331,
42004,14331,
42005,14331,
42006,14331,
42007,14331,
42008,14331,
42009,14331,
42010,14331,
42011,14331,
42012,14331,
42013,14331,
42014,14334,
42015,14334,
42016,14334,
42017,14334,
42018,14334,
42019,14334,
42020,14334,
42021,14334,
42022,14334,
42023,14345,
42024,14345,
42025,14345,
42026,14345,
42027,14345,
42028,14345,
42029,14345,
42030,14345,
42031,14345,
42032,14718,
42033,15091,
42034,15091,
42035,15091,
42036,15091,
42037,15464,
42038,15837,
42039,16211,
42040,16211,
42041,16211,
42042,16211,
42043,16211,
42044,16211,
42045,16584,
42046,16958,
42047,17333,
42048,17333,
42049,17707,
42050,18081,
42051,18455,
42052,18829,
42053,19207,
42054,19207,
42055,19581,
42056,19581,
42057,19581,
42058,19581,
42059,19955,
42060,19956,
42061,19956,
42062,19956,
42063,19956,
42064,19956,
42065,19956,
42066,19956,
42067,19956,
42068,19956,
42069,19956,
42070,19956,
42071,19956,
42072,19956,
42073,19956,
42074,19956,
42075,19956,
42076,19956,
42077,19956,
42078,19956,
42079,19956,
42080,19956,
42081,19956,
42082,19956,
42083,19956,
42084,19956,
42085,19956,
42086,19956,
42087,19956,
42088,19956,
42089,19956,
42090,19956,
42091,19956,
42092,19956,
42093,19956,
42094,19956,
42095,19956,
42096,19956,
42097,19956,
42098,19956,
42099,19956,
42100,19956,
42101,19956,
42102,19956,
42103,19956,
42104,19956,
42105,19956,
42106,19956,
42107,19956,
42108,19956,
42109,19956,
42110,19956,
42111,19956,
42112,19956,
42113,19956,
42114,19956,
42115,19956,
42116,19956,
42117,19956,
42118,19956,
42119,19956,
42120,19956,
42121,20336,
42122,20718,
42123,20718,
42124,20718,
42125,20718,
42126,20718,
42127,20718,
42128,20718,
42129,20718,
42130,20718,
42131,21108,
42132,21487,
42133,21487,
42134,21863,
42135,21863,
42136,21863,
42137,21866,
42138,21869,
42139,22248,
42140,22625,
42141,22625,
42142,22625,
42143,22625,
42144,23001,
42145,23001,
42146,23001,
42147,23001,
42148,23001,
42149,23001,
42150,23001,
42151,23001,
42152,23001,
42153,23001,
42154,23001,
42155,23001,
42156,23001,
42157,23001,
42158,23001,
42159,23001,
42160,23001,
42161,23001,
42162,23001,
42163,23001,
42164,23001,
42165,23001,
42166,23001,
42167,23001,
42168,23001,
42169,23001,
42170,23001,
42171,23001,
42172,23377,
42173,23377,
42174,23377,
42175,23377,
42176,23377,
42177,23377,
42178,23384,
42179,23761,
42180,24140,
42181,24518,
42182,24898,
42183,24898,
42184,24898,
42185,24898,
42186,24900,
42187,24901,
42188,25280,
42189,25280,
42190,25659,
42191,25659,
42192,25659,
42193,25659,
42194,25659,
42195,25659,
42196,25659,
42197,25659,
42198,26042,
42199,26042,
42200,26042,
42201,26042,
42202,26042,
42203,26042,
42204,26042,
42205,26042,
42206,26042,
42207,26042,
42208,26043,
42209,26043,
42210,26043,
42211,26043,
42212,26043,
42213,26043,
42214,26043,
42215,26043,
42216,26043,
42217,26044,
42218,26044,
42219,26044,
42220,26425,
