199601
199602
199603
199604
199605
199606
199607
199608
199609
199610
199611
199612
199701
199702
199703
199704
199705
199706
199707
199708
199709
199710
199711
199712
199801
199802
199803
199804
199805
199806
199807
199808
199809
199810
199811
199812
199901
199902
199903
199904
199905
199906
199907
199908
199909
199910
199911
199912
200001
200002
200003
200004
200005
200006
200007
200008
200009
200010
200011
200012
200101
200102
200103
200104
200105
200106
200107
200108
200109
200110
200111
200112
200201
200202
200203
200204
200205
200206
200207
200208
200209
200210
200211
200212
200301
200302
200303
200304
200305
200306
200307
200308
200309
200310
200311
200312
200401
200402
200403
200404
200405
200406
200407
200408
200409
200410
200411
200412
200501
200502
200503
200504
200505
200506
200507
200508
200509
200510
200511
200512
200601
200602
200603
200604
200605
200606
200607
200608
200609
200610
200611
200612
200701
200702
200703
200704
200705
200706
200707
200708
200709
200710
200711
200712
200801
200802
200803
200804
200805
200806
200807
200808
200809
200810
200811
200812
200901
200902
200903
200904
200905
200906
200907
200908
200909
200910
200911
200912
201001
201002
201003
201004
201005
201006
201007
201008
201009
201010
201011
201012
201101
201102
201103
201104
201105
201106
201107
201108
201109
201110
201111
201112
201201
201202
201203
201204
201205
201206
201207
201208
201209
201210
201211
201212
201301
201302
201303
201304
201305
201306
201307
201308
201309
201310
201311
201312
201401
201402
201403
201404
201405
201406
201407
201408
201409
201410
201411
201412
201501
201502
201503
201504
201505
201506
201507
201508
201509
201510
201511
201512
19960101 0 0
19960201 0 0
19960301 0 0
19960401 0 0
19960501 0 0
19960601 0 0
19960701 0 0
19960801 0 0
19960901 0 0
19961001 0 0
19961101 0 0
19961201 0 0
19970101 1 2
19970201 0 0
19970301 0 0
19970401 0 0
19970501 0 0
19970601 0 0
19970701 0 0
19970801 0 0
19970901 0 0
19971001 0 0
19971101 2 8
19971201 9 79
19980101 9 60
19980201 10 101
19980301 14 167
19980401 10 136
19980501 9 74
19980601 14 141
19980701 18 156
19980801 14 72
19980901 13 66
19981001 17 108
19981101 15 83
19981201 15 45
19990101 19 90
19990201 15 76
19990301 17 163
19990401 15 123
19990501 18 140
19990601 15 121
19990701 24 166
19990801 22 179
19990901 25 223
19991001 18 175
19991101 19 167
19991201 20 158
20000101 28 311
20000201 24 259
20000301 21 184
20000401 27 209
20000501 22 178
20000601 24 155
20000701 17 67
20000801 23 159
20000901 24 87
20001001 28 130
20001101 23 93
20001201 28 203
20010101 20 240
20010201 18 122
20010301 20 94
20010401 18 101
20010501 14 109
20010601 17 82
20010701 17 227
20010801 14 81
20010901 14 47
20011001 24 262
20011101 22 247
20011201 25 171
20020101 14 61
20020201 15 175
20020301 23 212
20020401 13 85
20020501 20 211
20020601 15 102
20020701 10 27
20020801 17 108
20020901 15 77
20021001 12 99
20021101 13 168
20021201 16 173
20030101 24 196
20030201 21 254
20030301 20 253
20030401 17 170
20030501 20 219
20030601 21 208
20030701 21 271
20030801 34 260
20030901 31 456
20031001 24 292
20031101 29 405
20031201 23 211
20040101 30 342
20040201 30 240
20040301 40 358
20040401 28 233
20040501 22 350
20040601 19 329
20040701 35 450
20040801 21 279
20040901 20 342
20041001 22 449
20041101 36 408
20041201 29 229
20050101 32 320
20050201 27 337
20050301 19 269
20050401 33 328
20050501 26 226
20050601 21 252
20050701 23 232
20050801 27 267
20050901 27 291
20051001 20 163
20051101 17 131
20051201 16 108
20060101 18 87
20060201 19 113
20060301 18 180
20060401 21 225
20060501 21 191
20060601 19 302
20060701 19 147
20060801 21 252
20060901 24 296
20061001 23 239
20061101 20 215
20061201 20 142
20070101 18 199
20070201 16 191
20070301 22 172
20070401 15 152
20070501 25 305
20070601 16 166
20070701 19 217
20070801 31 333
20070901 30 255
20071001 28 295
20071101 17 219
20071201 19 244
20080101 16 252
20080201 20 230
20080301 19 318
20080401 14 219
20080501 19 316
20080601 11 145
20080701 22 315
20080801 21 473
20080901 27 258
20081001 30 387
20081101 18 231
20081201 12 121
20090101 12 105
20090201 14 101
20090301 16 149
20090401 16 64
20090501 17 159
20090601 12 97
20090701 13 280
20090801 20 385
20090901 16 289
20091001 20 354
20091101 10 71
20091201 14 130
20100101 14 121
20100201 16 321
20100301 20 174
20100401 15 102
20100501 9 77
20100601 14 226
20100701 14 113
20100801 20 212
20100901 18 332
20101001 16 254
20101101 11 136
20101201 10 31
20110101 16 114
20110201 19 184
20110301 15 253
20110401 19 279
20110501 15 144
20110601 11 51
20110701 13 67
20110801 20 96
20110901 27 176
20111001 15 304
20111101 17 90
20111201 31 180
20120101 19 112
20120201 22 121
20120301 22 152
20120401 21 54
20120501 33 971
20120601 17 105
20120701 12 54
20120801 16 153
20120901 21 127
20121001 13 128
20121101 12 153
20121201 14 85
20130101 14 85
20130201 8 108
20130301 18 134
20130401 18 180
20130501 16 713
20130601 19 177
20130701 15 105
20130801 13 67
20130901 18 249
20131001 15 147
20131101 18 191
20131201 17 96
20140101 11 63
20140201 12 97
20140301 8 98
20140401 14 158
20140501 14 298
20140601 8 135
20140701 10 278
20140801 14 112
20140901 8 80
20141001 10 84
20141101 12 98
20141201 10 46
20150101 16 69
20150201 14 104
20150301 9 90
20150401 10 83
20150501 15 121
20150601 13 147
20150701 9 307
